a=0.020442
b=2.725817
c=0.087589
d=0.906155
kappa=0.945427
r1=0.123439
r2=0.123986
r3=0.12495
r4=0.12889
